1.000000 0.000000
0.917421 0.012186
0.835405 0.020641
0.754515 0.026630
0.675301 0.031041
0.598305 0.034445
0.524053 0.037170
0.453052 0.039363
0.385787 0.041044
0.322718 0.042147
0.264276 0.042553
0.210859 0.042112
0.162834 0.040673
0.120526 0.038104
0.084227 0.034321
0.054183 0.029314
0.030600 0.023160
0.013639 0.016036
0.003416 0.008204
0.000000 0.000000
0.003416 -0.008204
0.013639 -0.016036
0.030600 -0.023160
0.054183 -0.029314
0.084227 -0.034321
0.120526 -0.038104
0.162834 -0.040673
0.210859 -0.042112
0.264276 -0.042553
0.322718 -0.042147
0.385787 -0.041044
0.453052 -0.039363
0.524053 -0.037170
0.598305 -0.034445
0.675301 -0.031041
0.754515 -0.026630
0.835405 -0.020641
0.917421 -0.012186
1.000000 0.000000
