   1.000000000000000                   0
   0.950351000000000   0.009617000000000
   0.900691000000000   0.018997000000000
   0.850985000000000   0.028233000000000
   0.801008000000000   0.037288000000000
   0.750835000000000   0.045441000000000
   0.700704000000000   0.052709000000000
   0.650548000000000   0.059062000000000
   0.600364000000000   0.064426000000000
   0.550156000000000   0.068682000000000
   0.499929000000000   0.071564000000000
   0.449694000000000   0.072899000000000
   0.399460000000000   0.072723000000000
   0.349234000000000   0.071195000000000
   0.299022000000000   0.068398000000000
   0.248830000000000   0.064320000000000
   0.198667000000000   0.058833000000000
   0.148548000000000   0.051694000000000
   0.098498000000000   0.042394000000000
   0.073517000000000   0.036583000000000
   0.048583000000000   0.029702000000000
   0.023706000000000   0.021481000000000
   0.011386000000000   0.015295000000000
   0.006531000000000   0.011800000000000
   0.004137000000000   0.009641000000000
                   0                   0
   0.005863000000000  -0.008517000000000
   0.008469000000000  -0.010219000000000
   0.013614000000000  -0.012883000000000
   0.026294000000000  -0.017262000000000
   0.051417000000000  -0.022490000000000
   0.076483000000000  -0.026857000000000
   0.101502000000000  -0.030473000000000
   0.151452000000000  -0.036080000000000
   0.201333000000000  -0.040231000000000
   0.251170000000000  -0.043292000000000
   0.300978000000000  -0.045426000000000
   0.350766000000000  -0.046717000000000
   0.400540000000000  -0.047146000000000
   0.450306000000000  -0.046616000000000
   0.500071000000000  -0.044963000000000
   0.549845000000000  -0.042159000000000
   0.599636000000000  -0.038394000000000
   0.649452000000000  -0.033968000000000
   0.699296000000000  -0.029056000000000
   0.749165000000000  -0.023838000000000
   0.798992000000000  -0.018594000000000
   0.849015000000000  -0.013805000000000
   0.899309000000000  -0.009189000000000
   0.949649000000000  -0.004713000000000
   1.000000000000000                   0