   1.0000        0
   0.9500   0.0020
   0.9000   0.0051
   0.8500   0.0086
   0.8000   0.0123
   0.7500   0.0159
   0.7000   0.0193
   0.6500   0.0225
   0.6000   0.0252
   0.5500   0.0274
   0.5000   0.0290
   0.4500   0.0298
   0.4000   0.0300
   0.3500   0.0295
   0.3000   0.0285
   0.2500   0.0270
   0.2000   0.0248
   0.1500   0.0220
   0.1000   0.0182
   0.0750   0.0159
   0.0500   0.0131
   0.0250   0.0096
   0.0125   0.0072
   0.0075   0.0057
   0.0050   0.0048
        0        0
   0.0050  -0.0048
   0.0075  -0.0057
   0.0125  -0.0072
   0.0250  -0.0096
   0.0500  -0.0131
   0.0750  -0.0159
   0.1000  -0.0182
   0.1500  -0.0220
   0.2000  -0.0248
   0.2500  -0.0270
   0.3000  -0.0285
   0.3500  -0.0295
   0.4000  -0.0300
   0.4500  -0.0298
   0.5000  -0.0290
   0.5500  -0.0274
   0.6000  -0.0252
   0.6500  -0.0225
   0.7000  -0.0193
   0.7500  -0.0159
   0.8000  -0.0123
   0.8500  -0.0086
   0.9000  -0.0051
   0.9500  -0.0020
   1.0000        0