  1.000000 -0.000000
  0.998459  0.000187
  0.993844  0.000743
  0.986185  0.001658
  0.975528  0.002918
  0.961940  0.004499
  0.945503  0.006376
  0.926320  0.008518
  0.904508  0.010892
  0.880203  0.013465
  0.853553  0.016199
  0.824724  0.019057
  0.793893  0.022004
  0.761249  0.025000
  0.726995  0.028009
  0.691342  0.030990
  0.654508  0.033905
  0.616723  0.036712
  0.578217  0.039368
  0.539230  0.041830
  0.500000  0.044051
  0.460770  0.045986
  0.421783  0.047590
  0.383277  0.048819
  0.345492  0.049631
  0.308658  0.049990
  0.273005  0.049868
  0.238751  0.049240
  0.206107  0.048093
  0.175276  0.046423
  0.146447  0.044236
  0.119797  0.041545
  0.095492  0.038374
  0.073680  0.034754
  0.054497  0.030722
  0.038060  0.026316
  0.024472  0.021578
  0.013815  0.016545
  0.006156  0.011253
  0.001541  0.005731
  0.000000  0.000000
  0.001541 -0.005731
  0.006156 -0.011253
  0.013815 -0.016545
  0.024472 -0.021578
  0.038060 -0.026316
  0.054497 -0.030722
  0.073680 -0.034754
  0.095492 -0.038374
  0.119797 -0.041545
  0.146447 -0.044236
  0.175276 -0.046423
  0.206107 -0.048093
  0.238751 -0.049240
  0.273005 -0.049868
  0.308658 -0.049990
  0.345492 -0.049631
  0.383277 -0.048819
  0.421783 -0.047590
  0.460770 -0.045986
  0.500000 -0.044051
  0.539230 -0.041830
  0.578217 -0.039368
  0.616723 -0.036712
  0.654508 -0.033905
  0.691342 -0.030990
  0.726995 -0.028009
  0.761249 -0.025000
  0.793893 -0.022004
  0.824724 -0.019057
  0.853553 -0.016199
  0.880203 -0.013465
  0.904508 -0.010892
  0.926320 -0.008518
  0.945503 -0.006376
  0.961940 -0.004499
  0.975528 -0.002918
  0.986185 -0.001658
  0.993844 -0.000743
  0.998459 -0.000187
  1.000000  0.000000