 1.000000 -0.000000
  0.998459  0.000112
  0.993844  0.000446
  0.986185  0.000995
  0.975528  0.001751
  0.961940  0.002699
  0.945503  0.003825
  0.926320  0.005111
  0.904508  0.006535
  0.880203  0.008079
  0.853553  0.009719
  0.824724  0.011434
  0.793893  0.013202
  0.761249  0.015000
  0.726995  0.016805
  0.691342  0.018594
  0.654508  0.020343
  0.616723  0.022027
  0.578217  0.023621
  0.539230  0.025098
  0.500000  0.026431
  0.460770  0.027592
  0.421783  0.028554
  0.383277  0.029291
  0.345492  0.029778
  0.308658  0.029994
  0.273005  0.029921
  0.238751  0.029544
  0.206107  0.028856
  0.175276  0.027854
  0.146447  0.026541
  0.119797  0.024927
  0.095492  0.023024
  0.073680  0.020853
  0.054497  0.018433
  0.038060  0.015790
  0.024472  0.012947
  0.013815  0.009927
  0.006156  0.006752
  0.001541  0.003438
  0.000000  0.000000
  0.001541 -0.003438
  0.006156 -0.006752
  0.013815 -0.009927
  0.024472 -0.012947
  0.038060 -0.015790
  0.054497 -0.018433
  0.073680 -0.020853
  0.095492 -0.023024
  0.119797 -0.024927
  0.146447 -0.026541
  0.175276 -0.027854
  0.206107 -0.028856
  0.238751 -0.029544
  0.273005 -0.029921
  0.308658 -0.029994
  0.345492 -0.029778
  0.383277 -0.029291
  0.421783 -0.028554
  0.460770 -0.027592
  0.500000 -0.026431
  0.539230 -0.025098
  0.578217 -0.023621
  0.616723 -0.022027
  0.654508 -0.020343
  0.691342 -0.018594
  0.726995 -0.016805
  0.761249 -0.015000
  0.793893 -0.013202
  0.824724 -0.011434
  0.853553 -0.009719
  0.880203 -0.008079
  0.904508 -0.006535
  0.926320 -0.005111
  0.945503 -0.003825
  0.961940 -0.002699
  0.975528 -0.001751
  0.986185 -0.000995
  0.993844 -0.000446
  0.998459 -0.000112
  1.000000  0.000000