  1.000000 -0.000000
  0.998472  0.000307
  0.993898  0.001223
  0.986304  0.002731
  0.975733  0.004801
  0.962248  0.007396
  0.945928  0.010469
  0.926867  0.013964
  0.905179  0.017822
  0.880992  0.021979
  0.854450  0.026368
  0.825712  0.030918
  0.794951  0.035562
  0.762352  0.040228
  0.728114  0.044849
  0.692445  0.049356
  0.655563  0.053682
  0.617695  0.057762
  0.579075  0.061532
  0.539941  0.064931
  0.500538  0.067898
  0.461112  0.070379
  0.421909  0.072323
  0.383053  0.073665
  0.344748  0.074217
  0.307403  0.073932
  0.271264  0.072811
  0.236569  0.070870
  0.203546  0.068141
  0.172412  0.064673
  0.143368  0.060525
  0.116604  0.055773
  0.092287  0.050499
  0.070571  0.044793
  0.051589  0.038747
  0.035452  0.032455
  0.022253  0.026004
  0.012066  0.019473
  0.004943  0.012929
  0.000916  0.006426
  0.000000  0.000000
  0.002166 -0.006119
  0.007369 -0.011708
  0.015564 -0.016758
  0.026690 -0.021259
  0.040669 -0.025205
  0.057405 -0.028591
  0.076788 -0.031414
  0.098696 -0.033680
  0.122990 -0.035402
  0.149525 -0.036598
  0.178140 -0.037298
  0.208669 -0.037540
  0.240932 -0.037370
  0.274745 -0.036843
  0.309914 -0.036018
  0.346235 -0.034960
  0.383502 -0.033735
  0.421656 -0.032375
  0.460429 -0.030789
  0.499462 -0.029009
  0.538518 -0.027084
  0.577360 -0.025061
  0.615751 -0.022981
  0.653454 -0.020879
  0.690239 -0.018787
  0.725877 -0.016730
  0.760146 -0.014728
  0.792834 -0.012801
  0.823736 -0.010962
  0.852657 -0.009224
  0.879414 -0.007601
  0.903838 -0.006103
  0.925773 -0.004743
  0.945079 -0.003532
  0.961631 -0.002482
  0.975323 -0.001605
  0.986066 -0.000910
  0.993790 -0.000407
  0.998445 -0.000102
  1.000000  0.000000