  1.000163  0.001143
  0.998650  0.001559
  0.994117  0.002800
  0.986589  0.004843
  0.976109  0.007651
  0.962735  0.011174
  0.946540  0.015351
  0.927616  0.020109
  0.906070  0.025370
  0.882026  0.031046
  0.855622  0.037048
  0.827013  0.043280
  0.796366  0.049648
  0.763863  0.056056
  0.729698  0.062410
  0.694077  0.068617
  0.657215  0.074586
  0.619338  0.080230
  0.580679  0.085466
  0.541478  0.090216
  0.501979  0.094407
  0.462431  0.097973
  0.423084  0.100856
  0.384190  0.103010
  0.345998  0.104397
  0.308755  0.104992
  0.271360  0.104431
  0.235073  0.101958
  0.200618  0.097721
  0.168266  0.091941
  0.138263  0.084867
  0.110825  0.076769
  0.086138  0.067927
  0.064357  0.058620
  0.045603  0.049119
  0.029971  0.039677
  0.017524  0.030520
  0.008300  0.021843
  0.002314  0.013798
 -0.000443  0.006496
  0.000000  0.000000
  0.003526 -0.005471
  0.009998 -0.009736
  0.019330 -0.012845
  0.031420 -0.014871
  0.046150 -0.015913
  0.063390 -0.016087
  0.083003 -0.015532
  0.104845 -0.014398
  0.128769 -0.012851
  0.154630 -0.011066
  0.182286 -0.009226
  0.211597 -0.007517
  0.242429 -0.006127
  0.274650 -0.005241
  0.308561 -0.005007
  0.344985 -0.004819
  0.382364 -0.004425
  0.420481 -0.003883
  0.459110 -0.003247
  0.498021 -0.002570
  0.536981 -0.001896
  0.575755 -0.001263
  0.614107 -0.000702
  0.651802 -0.000234
  0.688607  0.000129
  0.724293  0.000381
  0.758636  0.000525
  0.791419  0.000570
  0.822435  0.000529
  0.851484  0.000417
  0.878380  0.000252
  0.902947  0.000052
  0.925024 -0.000166
  0.944467 -0.000386
  0.961145 -0.000595
  0.974947 -0.000781
  0.985780 -0.000935
  0.993572 -0.001049
  0.998268 -0.001120
  0.999837 -0.001143