   1.000000000000000                   0
   0.950267000000000   0.007901000000000
   0.900527000000000   0.015657000000000
   0.850750000000000   0.023222000000000
   0.800767000000000   0.030601000000000
   0.750634000000000   0.037093000000000
   0.700533000000000   0.042793000000000
   0.650414000000000   0.047706000000000
   0.600274000000000   0.051800000000000
   0.550117000000000   0.054992000000000
   0.499947000000000   0.057086000000000
   0.449770000000000   0.057984000000000
   0.399595000000000   0.057726000000000
   0.349426000000000   0.056428000000000
   0.299267000000000   0.054140000000000
   0.249123000000000   0.050847000000000
   0.199001000000000   0.046443000000000
   0.148910000000000   0.040738000000000
   0.098871000000000   0.033337000000000
   0.073884000000000   0.028732000000000
   0.048931000000000   0.023297000000000
   0.024019000000000   0.016798000000000
   0.011650000000000   0.011960000000000
   0.006755000000000   0.009250000000000
   0.004334000000000   0.007568000000000
                   0                   0
   0.005666000000000  -0.006443000000000
   0.008245000000000  -0.007669000000000
   0.013350000000000  -0.009547000000000
   0.025981000000000  -0.012579000000000
   0.051069000000000  -0.016085000000000
   0.076116000000000  -0.019005000000000
   0.101129000000000  -0.021417000000000
   0.151090000000000  -0.025124000000000
   0.200999000000000  -0.027841000000000
   0.250877000000000  -0.029818000000000
   0.300733000000000  -0.031169000000000
   0.350574000000000  -0.031950000000000
   0.400405000000000  -0.032149000000000
   0.450230000000000  -0.031700000000000
   0.500053000000000  -0.030485000000000
   0.549883000000000  -0.028469000000000
   0.599726000000000  -0.025768000000000
   0.649586000000000  -0.022612000000000
   0.699467000000000  -0.019140000000000
   0.749366000000000  -0.015490000000000
   0.799233000000000  -0.011907000000000
   0.849250000000000  -0.008794000000000
   0.899473000000000  -0.005849000000000
   0.949733000000000  -0.002997000000000
   1.000000000000000                   0