  1.000000 -0.000000
  0.998488  0.000427
  0.993961  0.001700
  0.986442  0.003794
  0.975972  0.006669
  0.962609  0.010271
  0.946424  0.014531
  0.927507  0.019373
  0.905965  0.024709
  0.881917  0.030445
  0.855503  0.036484
  0.826873  0.042724
  0.796195  0.049065
  0.763650  0.055404
  0.729431  0.061641
  0.693744  0.067680
  0.656806  0.073424
  0.618842  0.078785
  0.580087  0.083676
  0.540782  0.088018
  0.501174  0.091737
  0.461516  0.094768
  0.422059  0.097055
  0.382788  0.098510
  0.343869  0.098792
  0.305921  0.097840
  0.269213  0.095689
  0.234002  0.092396
  0.200539  0.088044
  0.169056  0.082734
  0.139770  0.076589
  0.112880  0.069743
  0.088560  0.062343
  0.066964  0.054540
  0.048221  0.046485
  0.032437  0.038325
  0.019693  0.030193
  0.010051  0.022209
  0.003547  0.014471
  0.000198  0.007052
  0.000000  0.000000
  0.002885 -0.006437
  0.008765 -0.012027
  0.017579 -0.016779
  0.029250 -0.020704
  0.043684 -0.023825
  0.060773 -0.026172
  0.080396 -0.027782
  0.102423 -0.028706
  0.126714 -0.029000
  0.153123 -0.028733
  0.181496 -0.027985
  0.211676 -0.026841
  0.243499 -0.025397
  0.276797 -0.023753
  0.311395 -0.022012
  0.347114 -0.020277
  0.383767 -0.018650
  0.421506 -0.017160
  0.460025 -0.015589
  0.498826 -0.013960
  0.537677 -0.012326
  0.576348 -0.010734
  0.614603 -0.009222
  0.652211 -0.007818
  0.688939 -0.006542
  0.724559 -0.005403
  0.758849 -0.004404
  0.791590 -0.003543
  0.822575 -0.002811
  0.851604 -0.002197
  0.878488 -0.001688
  0.903052 -0.001271
  0.925133 -0.000931
  0.944583 -0.000659
  0.961271 -0.000443
  0.975084 -0.000277
  0.985928 -0.000153
  0.993728 -0.000067
  0.998429 -0.000017
  1.000000  0.000000