  1.000000 -0.000000
  0.998471  0.000311
  0.993895  0.001240
  0.986296  0.002769
  0.975721  0.004870
  0.962231  0.007507
  0.945906  0.010633
  0.926842  0.014197
  0.905153  0.018140
  0.880967  0.022399
  0.854431  0.026912
  0.825703  0.031610
  0.794956  0.036427
  0.762378  0.041295
  0.728166  0.046148
  0.692529  0.050918
  0.655685  0.055540
  0.617861  0.059945
  0.579290  0.064071
  0.540210  0.067850
  0.500863  0.071222
  0.461495  0.074124
  0.422350  0.076500
  0.383676  0.078298
  0.345713  0.079472
  0.308701  0.079985
  0.272287  0.079675
  0.237143  0.078232
  0.203701  0.075703
  0.172193  0.072166
  0.142832  0.067720
  0.115817  0.062478
  0.091323  0.056566
  0.069506  0.050114
  0.050498  0.043255
  0.034408  0.036121
  0.021324  0.028831
  0.011310  0.021495
  0.004407  0.014202
  0.000637  0.007022
  0.000000  0.000000
  0.002446 -0.006612
  0.007904 -0.012577
  0.016320 -0.017896
  0.027619 -0.022572
  0.041712 -0.026615
  0.058496 -0.030043
  0.077854 -0.032878
  0.099660 -0.035154
  0.123777 -0.036911
  0.150061 -0.038199
  0.178359 -0.039080
  0.208514 -0.039621
  0.240359 -0.039900
  0.273723 -0.039999
  0.308616 -0.039991
  0.345270 -0.039641
  0.382879 -0.038864
  0.421215 -0.037711
  0.460046 -0.036234
  0.499137 -0.034487
  0.538249 -0.032522
  0.577145 -0.030389
  0.615584 -0.028134
  0.653332 -0.025799
  0.690154 -0.023420
  0.725824 -0.021032
  0.760120 -0.018663
  0.792829 -0.016340
  0.823745 -0.014086
  0.852676 -0.011926
  0.879439 -0.009880
  0.903864 -0.007971
  0.925798 -0.006219
  0.945101 -0.004647
  0.961648 -0.003275
  0.975335 -0.002122
  0.986074 -0.001205
  0.993794 -0.000540
  0.998446 -0.000135
  1.000000  0.000000