   1.000000000000000                   0
   0.995070000000000   0.001664000000000
   0.990102000000000   0.002561000000000
   0.980154000000000   0.004129000000000
   0.970204000000000   0.005637000000000
   0.960256000000000   0.007174000000000
   0.940367000000000   0.010420000000000
   0.920487000000000   0.013859000000000
   0.900610000000000   0.017341000000000
   0.880730000000000   0.020777000000000
   0.860829000000000   0.024056000000000
   0.840900000000000   0.027427000000000
   0.820935000000000   0.030749000000000
   0.800888000000000   0.033966000000000
   0.780806000000000   0.037009000000000
   0.760758000000000   0.039901000000000
   0.740713000000000   0.042654000000000
   0.720668000000000   0.045279000000000
   0.700619000000000   0.047774000000000
   0.680567000000000   0.050133000000000
   0.660511000000000   0.052351000000000
   0.640450000000000   0.054428000000000
   0.620387000000000   0.056354000000000
   0.600319000000000   0.058131000000000
   0.580248000000000   0.059754000000000
   0.560174000000000   0.061198000000000
   0.540098000000000   0.062454000000000
   0.520019000000000   0.063501000000000
   0.499938000000000   0.064332000000000
   0.479856000000000   0.064940000000000
   0.459774000000000   0.065330000000000
   0.439691000000000   0.065498000000000
   0.419609000000000   0.065458000000000
   0.399527000000000   0.065224000000000
   0.379447000000000   0.064793000000000
   0.359369000000000   0.064182000000000
   0.339292000000000   0.063389000000000
   0.319217000000000   0.062416000000000
   0.299144000000000   0.061268000000000
   0.279075000000000   0.059936000000000
   0.259008000000000   0.058418000000000
   0.238946000000000   0.056702000000000
   0.218887000000000   0.054778000000000
   0.198834000000000   0.052640000000000
   0.178787000000000   0.050267000000000
   0.158746000000000   0.047641000000000
   0.138714000000000   0.044727000000000
   0.118693000000000   0.041487000000000
   0.098684000000000   0.037874000000000
   0.078694000000000   0.033784000000000
   0.058730000000000   0.029069000000000
   0.048756000000000   0.026515000000000
   0.038786000000000   0.023845000000000
   0.028829000000000   0.020867000000000
   0.018906000000000   0.017218000000000
   0.013972000000000   0.014953000000000
   0.009071000000000   0.012196000000000
   0.004233000000000   0.008629000000000
   0.001422000000000   0.005464000000000
   0.000975000000000   0.004726000000000
   0.000544000000000   0.003849000000000
   0.000145000000000   0.002704000000000
  -0.000051000000000   0.001695000000000
                   0                   0
   0.000451000000000  -0.001628000000000
   0.000855000000000  -0.002552000000000
   0.001456000000000  -0.003568000000000
   0.002025000000000  -0.004326000000000
   0.002578000000000  -0.004951000000000
   0.005767000000000  -0.007504000000000
   0.010929000000000  -0.010188000000000
   0.016028000000000  -0.012153000000000
   0.021094000000000  -0.013687000000000
   0.031171000000000  -0.015997000000000
   0.041214000000000  -0.017758000000000
   0.051244000000000  -0.019303000000000
   0.061270000000000  -0.020806000000000
   0.081306000000000  -0.023596000000000
   0.101316000000000  -0.025954000000000
   0.121307000000000  -0.027991000000000
   0.141286000000000  -0.029789000000000
   0.161254000000000  -0.031379000000000
   0.181213000000000  -0.032787000000000
   0.201166000000000  -0.034038000000000
   0.221113000000000  -0.035143000000000
   0.241054000000000  -0.036118000000000
   0.260992000000000  -0.036964000000000
   0.280925000000000  -0.037688000000000
   0.300856000000000  -0.038297000000000
   0.320783000000000  -0.038791000000000
   0.340708000000000  -0.039179000000000
   0.360632000000000  -0.039452000000000
   0.380553000000000  -0.039607000000000
   0.400473000000000  -0.039647000000000
   0.420391000000000  -0.039552000000000
   0.440309000000000  -0.039324000000000
   0.460226000000000  -0.038952000000000
   0.480144000000000  -0.038419000000000
   0.500062000000000  -0.037731000000000
   0.519981000000000  -0.036883000000000
   0.539902000000000  -0.035883000000000
   0.559826000000000  -0.034739000000000
   0.579752000000000  -0.033474000000000
   0.599681000000000  -0.032099000000000
   0.619613000000000  -0.030642000000000
   0.639549000000000  -0.029108000000000
   0.659489000000000  -0.027503000000000
   0.679433000000000  -0.025838000000000
   0.699381000000000  -0.024122000000000
   0.719333000000000  -0.022365000000000
   0.739287000000000  -0.020585000000000
   0.759242000000000  -0.018797000000000
   0.779194000000000  -0.017014000000000
   0.799112000000000  -0.015273000000000
   0.819065000000000  -0.013638000000000
   0.839100000000000  -0.012075000000000
   0.859171000000000  -0.010576000000000
   0.879270000000000  -0.009007000000000
   0.899390000000000  -0.007532000000000
   0.919513000000000  -0.006012000000000
   0.939633000000000  -0.004535000000000
   0.959744000000000  -0.003250000000000
   0.969796000000000  -0.002695000000000
   0.979846000000000  -0.002168000000000
   0.989898000000000  -0.001581000000000
   0.994930000000000  -0.001173000000000
   1.000000000000000                   0