   1.0000        0
   0.9801   0.0082
   0.9602   0.0143
   0.9404   0.0196
   0.9205   0.0237
   0.9007   0.0280
   0.8810   0.0328
   0.8613   0.0374
   0.8416   0.0414
   0.8220   0.0452
   0.8025   0.0491
   0.7830   0.0532
   0.7637   0.0574
   0.7444   0.0615
   0.7252   0.0653
   0.7061   0.0688
   0.6872   0.0723
   0.6684   0.0758
   0.6497   0.0793
   0.6311   0.0829
   0.6127   0.0864
   0.5945   0.0897
   0.5764   0.0929
   0.5585   0.0959
   0.5407   0.0987
   0.5231   0.1014
   0.5058   0.1040
   0.4886   0.1064
   0.4716   0.1084
   0.4548   0.1101
   0.4382   0.1114
   0.4219   0.1124
   0.4058   0.1131
   0.3899   0.1135
   0.3743   0.1138
   0.3589   0.1139
   0.3438   0.1138
   0.3289   0.1135
   0.3143   0.1130
   0.3000   0.1123
   0.2859   0.1113
   0.2721   0.1101
   0.2586   0.1087
   0.2454   0.1071
   0.2325   0.1055
   0.2199   0.1037
   0.2077   0.1018
   0.1957   0.0997
   0.1840   0.0974
   0.1727   0.0951
   0.1617   0.0925
   0.1510   0.0898
   0.1407   0.0870
   0.1307   0.0842
   0.1210   0.0812
   0.1117   0.0782
   0.1028   0.0752
   0.0942   0.0721
   0.0859   0.0689
   0.0780   0.0656
   0.0705   0.0622
   0.0634   0.0588
   0.0566   0.0553
   0.0502   0.0518
   0.0441   0.0483
   0.0385   0.0447
   0.0332   0.0413
   0.0283   0.0378
   0.0238   0.0344
   0.0197   0.0310
   0.0160   0.0276
   0.0126   0.0244
   0.0097   0.0212
   0.0071   0.0180
   0.0049   0.0149
   0.0032   0.0118
   0.0018   0.0088
   0.0008   0.0059
   0.0002   0.0029
        0        0
   0.0002  -0.0011
   0.0008  -0.0022
   0.0018  -0.0034
   0.0032  -0.0047
   0.0049  -0.0060
   0.0071  -0.0075
   0.0097  -0.0090
   0.0126  -0.0105
   0.0160  -0.0121
   0.0197  -0.0137
   0.0238  -0.0153
   0.0283  -0.0169
   0.0332  -0.0185
   0.0385  -0.0201
   0.0441  -0.0217
   0.0502  -0.0233
   0.0566  -0.0249
   0.0634  -0.0265
   0.0705  -0.0281
   0.0780  -0.0296
   0.0859  -0.0312
   0.0942  -0.0327
   0.1028  -0.0343
   0.1117  -0.0358
   0.1210  -0.0373
   0.1307  -0.0387
   0.1407  -0.0401
   0.1510  -0.0415
   0.1617  -0.0428
   0.1727  -0.0442
   0.1840  -0.0454
   0.1957  -0.0467
   0.2077  -0.0479
   0.2199  -0.0490
   0.2325  -0.0500
   0.2454  -0.0509
   0.2586  -0.0517
   0.2721  -0.0524
   0.2859  -0.0529
   0.3000  -0.0534
   0.3143  -0.0537
   0.3289  -0.0539
   0.3438  -0.0541
   0.3589  -0.0542
   0.3743  -0.0541
   0.3899  -0.0539
   0.4058  -0.0535
   0.4219  -0.0530
   0.4382  -0.0522
   0.4548  -0.0512
   0.4716  -0.0501
   0.4886  -0.0488
   0.5058  -0.0473
   0.5231  -0.0456
   0.5407  -0.0437
   0.5585  -0.0415
   0.5764  -0.0390
   0.5945  -0.0362
   0.6127  -0.0331
   0.6311  -0.0298
   0.6497  -0.0263
   0.6684  -0.0227
   0.6872  -0.0190
   0.7061  -0.0154
   0.7252  -0.0119
   0.7444  -0.0086
   0.7637  -0.0055
   0.7830  -0.0027
   0.8025  -0.0001
   0.8220   0.0022
   0.8416   0.0043
   0.8613   0.0061
   0.8810   0.0074
   0.9007   0.0082
   0.9205   0.0085
   0.9404   0.0083
   0.9602   0.0071
   0.9801   0.0046
   1.0000        0